[bfs - Copy.jpg]
moddate=7814878867a6cf01
width=498
height=180
text=7;121;1;0;Arial;0.907631,0.088893,0.133333,0.000000;v1,4278190080,4278190080,128.000000,1.000000,0.000000,1.000000,400,0,49152;;121;1;1;Arial;0.720884,0.094448,0.133333,0.000000;v1,4278190080,4278190080,128.000000,1.000000,0.000000,1.000000,400,0,49152;;121;1;2;Arial;0.528113,0.088892,0.133333,0.000000;v1,4278190080,4278190080,128.000000,1.000000,0.000000,1.000000,400,0,49152;;121;1;3;Arial;0.265061,0.094448,0.133333,0.000000;v1,4278190080,4278190080,128.000000,1.000000,0.000000,1.000000,400,0,49152;;121;1;4;Arial;0.411647,0.638894,0.133333,0.000000;v1,4278190080,4278190080,128.000000,1.000000,0.000000,1.000000,400,0,49152;;121;1;5;Arial;0.608434,0.638895,0.133333,0.000000;v1,4278190080,4278190080,128.000000,1.000000,0.000000,1.000000,400,0,49152;;121;1;6;Arial;0.911646,0.644448,0.133333,0.000000;v1,4278190080,4278190080,128.000000,1.000000,0.000000,1.000000,400,0,49152;;
textactive=1
